10000.0 149599895951.60052 24000.073290750923
20000.0 149599583807.93787 24000.198009063828
30000.0 149599063571.29855 24000.374154403547
40000.0 149598335243.92587 24000.601726344285
50000.0 149597398828.0199 24000.880724569564
60000.0 149596254325.73746 24001.211148872302
70000.0 149594901739.19226 24001.592999154775
80000.0 149593341070.45505 24002.026275428638
90000.0 149591572321.5535 24002.51097781499
100000.0 149589595494.47238 24003.04710654434
110000.0 149587410591.15378 24003.634661956683
120000.0 149585017613.49704 24004.273644501507
130000.0 149582416563.35886 24004.964054737855
140000.0 149579607442.55338 24005.70589333435
150000.0 149576590252.8525 24006.499161069252
160000.0 149573364995.98575 24007.343858830507
170000.0 149569931673.6406 24008.239987615805
180000.0 149566290287.46246 24009.18754853264
190000.0 149562440839.0549 24010.186542798376
200000.0 149558383329.9797 24011.236971740323
210000.0 149554117761.75714 24012.338836795792
220000.0 149549644135.86612 24013.492139512204
230000.0 149544962453.74417 24014.696881547126
240000.0 149540072716.78787 24015.953064668414
250000.0 149534974926.35272 24017.26069075426
260000.0 149529669083.7537 24018.619761793314
270000.0 149524155190.26514 24020.030279884762
280000.0 149518433247.12103 24021.49224723845
290000.0 149512503255.51526 24023.005666174984
300000.0 149506365216.6017 24024.570539125838
310000.0 149500019131.49463 24026.186868633482
320000.0 149493465001.26877 24027.854657351498
330000.0 149486702826.9595 24029.573908044702
340000.0 149479732609.56326 24031.34462358927
350000.0 149472554350.03766 24033.1668069729
360000.0 149465168049.30176 24035.040461294906
370000.0 149457573708.2363 24036.965589766405
380000.0 149449771327.6839 24038.942195710424
390000.0 149441760908.4496 24040.97028256209
400000.0 149433542451.3007 24043.049853868757
410000.0 149425115956.96738 24045.180913290173
420000.0 149416481426.14294 24047.36346459865
430000.0 149407638859.4839 24049.597511679232
440000.0 149398588257.61047 24051.883058529867
450000.0 149389329621.10678 24054.220109261565
460000.0 149379862950.52127 24056.60866809861
470000.0 149370188246.36688 24059.048739378733
480000.0 149360305509.12152 24061.540327553288
490000.0 149350214739.22818 24064.083437187466
500000.0 149339915937.09558 24066.67807296047
510000.0 149329409103.09824 24069.32423966574
520000.0 149318694237.57697 24072.021942211155
530000.0 149307771340.83917 24074.77118561923
540000.0 149296640413.1592 24077.571975027346
550000.0 149285301454.7788 24080.42431568795
560000.0 149273754465.9074 24083.328212968798
570000.0 149261999446.7225 24086.283672353173
580000.0 149250036397.37012 24089.29069944012
590000.0 149237865317.9652 24092.349299944668
600000.0 149225486208.59195 24095.459479698096
610000.0 149212899069.30423 24098.621244648144
620000.0 149200103900.12607 24101.83460085929
630000.0 149187100701.052 24105.099554512974
640000.0 149173889472.0476 24108.41611190789
650000.0 149160470213.04977 24111.784279460204
660000.0 149146842923.96735 24115.20406370386
670000.0 149133007604.6814 24118.675471290815
680000.0 149118964255.0458 24122.19850899132
690000.0 149104712874.8877 24125.77318369422
700000.0 149090253464.0078 24129.399502407192
710000.0 149075586022.18124 24133.07747225707
720000.0 149060710549.15753 24136.807100490107
730000.0 149045627044.66162 24140.588394472277
740000.0 149030335508.39395 24144.421361689576
750000.0 149014835940.03125 24148.30600974831
760000.0 148999128339.22687 24152.242346375424
770000.0 148983212705.6114 24156.230379418776
780000.0 148967089038.79312 24160.270116847474
790000.0 148950757338.35873 24164.36156675219
800000.0 148934217603.8737 24168.504737345476
810000.0 148917469834.88278 24172.699636962083
820000.0 148900514030.91074 24176.9462740593
830000.0 148883350191.46292 24181.24465721729
840000.0 148865978316.02573 24185.59479513941
850000.0 148848398404.0671 24189.996696652554
860000.0 148830610455.03738 24194.45037070752
870000.0 148812614468.36972 24198.955826379326
880000.0 148794410443.48074 24203.513072867587
890000.0 148775998379.7711 24208.12211949685
900000.0 148757378276.62616 24212.78297571698
910000.0 148738550133.41663 24217.495651103494
920000.0 148719513949.4992 24222.260155357948
930000.0 148700269724.2171 24227.076498308306
940000.0 148680817456.9008 24231.944689909305
950000.0 148661157146.86877 24236.864740242847
960000.0 148641288793.42795 24241.836659518372
970000.0 148621212395.87463 24246.86045807324
980000.0 148600927953.495 24251.936146373144
990000.0 148580435465.5659 24257.063735012485
1000000.0 148559734931.3554 24262.24323471476
1010000.0 148538826350.12378 24267.474656332994
1020000.0 148517709721.1239 24272.75801085012
1030000.0 148496385043.6022 24278.093309379397
1040000.0 148474852316.79935 24283.480563164823
1050000.0 148453111539.9508 24288.919783581554
1060000.0 148431162712.28793 24294.41098213631
1070000.0 148409005833.03845 24299.954170467816
1080000.0 148386640901.4272 24305.549360347224
1090000.0 148364067916.6772 24311.19656367853
1100000.0 148341286878.01013 24316.89579249904
1110000.0 148318297784.64722 24322.64705897978
1120000.0 148295100635.81018 24328.450375425935
1130000.0 148271695430.7218 24334.305754277324
1140000.0 148248082168.60684 24340.213208108828
1150000.0 148224260848.693 24346.17274963083
1160000.0 148200231470.21146 24352.18439168971
1170000.0 148175994032.39807 24358.248147268256
1180000.0 148151548534.49393 24364.364029486187
1190000.0 148126894975.74634 24370.53205160055
1200000.0 148102033355.40967 24376.752227006236
1210000.0 148076963672.74634 24383.024569236466
1220000.0 148051685927.02753 24389.349091963206
1230000.0 148026200117.53415 24395.72580899773
1240000.0 148000506243.5578 24402.15473429102
1250000.0 147974604304.40167 24408.635881934322
1260000.0 147948494299.3814 24415.16926615959
1270000.0 147922176227.82602 24421.75490134002
1280000.0 147895650089.07898 24428.392801990514
1290000.0 147868915882.4991 24435.082982768185
1300000.0 147841973607.46136 24441.82545847289
1310000.0 147814823263.35803 24448.620244047703
1320000.0 147787464849.59973 24455.46735457945
1330000.0 147759898365.61615 24462.366805299207
1340000.0 147732123810.85736 24469.318611582825
1350000.0 147704141184.79453 24476.322788951453
1360000.0 147675950486.92117 24483.379353072047
1370000.0 147647551716.75415 24490.488319757937
1380000.0 147618944873.83453 24497.649704969303
1390000.0 147590129957.72888 24504.863524813747
1400000.0 147561106968.03015 24512.12979554682
1410000.0 147531875904.35883 24519.44853357255
1420000.0 147502436766.36404 24526.819755444005
1430000.0 147472789553.72458 24534.24347786383
1440000.0 147442934266.15 24541.71971768479
1450000.0 147412870903.38177 24549.248491910337
1460000.0 147382599465.19446 24556.82981769515
1470000.0 147352119951.3968 24564.4637123457
1480000.0 147321432361.8327 24572.15019332082
1490000.0 147290536696.38272 24579.88927823226
1500000.0 147259432954.96494 24587.68098484525
1510000.0 147228121137.53625 24595.52533107909
1520000.0 147196601244.09363 24603.42233500771
1530000.0 147164873274.6751 24611.372014860233
1540000.0 147132937229.3613 24619.374389021585
1550000.0 147100793108.27634 24627.42947603306
1560000.0 147068440911.5892 24635.5372945929
1570000.0 147035880639.51508 24643.697863556903
1580000.0 147003112292.31635 24651.91120193899
1590000.0 146970135870.30417 24660.177328911825
1600000.0 146936951373.8396 24668.496263807378
1610000.0 146903558803.33478 24676.86802611756
1620000.0 146869958159.25446 24685.29263549481
1630000.0 146836149442.11713 24693.770111752685
1640000.0 146802132652.49646 24702.3004748665
1650000.0 146767907791.02258 24710.883744973915
1660000.0 146733474858.38342 24719.51994237554
1670000.0 146698833855.32608 24728.209087535593
1680000.0 146663984782.6583 24736.95120108247
1690000.0 146628927641.24966 24745.746303809392
1700000.0 146593662432.03314 24754.59441667502
1710000.0 146558189156.00647 24763.4955608041
1720000.0 146522507814.2335 24772.44975748805
1730000.0 146486618407.84576 24781.457028185654
1740000.0 146450520938.04376 24790.51739452363
1750000.0 146414215406.09857 24799.63087829731
1760000.0 146377701813.35327 24808.79750147127
1770000.0 146340980161.22437 24818.01728617995
1780000.0 146304050451.20337 24827.290254728337
1790000.0 146266912684.85828 24836.616429592577
1800000.0 146229566863.83514 24845.995833420642
1810000.0 146192012989.8595 24855.428489032965
1820000.0 146154251064.73804 24864.914419423116
1830000.0 146116281090.36008 24874.45364775844
1840000.0 146078103068.69925 24884.046197380718
1850000.0 146039717001.81506 24893.69209180683
1860000.0 146001122891.85434 24903.39135472942
1870000.0 145962320741.0531 24913.144010017557
1880000.0 145923310551.73813 24922.950081717394
1890000.0 145884092326.32837 24932.809594052855
1900000.0 145844666067.337 24942.72257142629
1910000.0 145805031777.37277 24952.68903841916
1920000.0 145765189459.1419 24962.7090197927
1930000.0 145725139115.44968 24972.782540488606
1940000.0 145684880749.20227 24982.90962562972
1950000.0 145644414363.4083 24993.090300520682
1960000.0 145603739961.1808 25003.32459064866
1970000.0 145562857545.73883 25013.612521683986
1980000.0 145521767120.4094 25023.954119480884
1990000.0 145480468688.62903 25034.34941007813
2000000.0 145438962253.94586 25044.798419699768
2010000.0 145397247820.02124 25055.301174755772
2020000.0 145355325390.63168 25065.857701842775
2030000.0 145313194969.67065 25076.468027744744
2040000.0 145270856561.15057 25087.132179433673
2050000.0 145228310169.20453 25097.850184070307
2060000.0 145185555798.0884 25108.622069004814
2070000.0 145142593452.18256 25119.44786177752
2080000.0 145099423135.99393 25130.32759011959
2090000.0 145056044854.15796 25141.261281953735
2100000.0 145012458611.44043 25152.248965394938
2110000.0 144968664412.73972 25163.29066875115
2120000.0 144924662263.08856 25174.386420523995
2130000.0 144880452167.6562 25185.536249409502
2140000.0 144836034131.7503 25196.7401842988
2150000.0 144791408160.81924 25207.99825427885
2160000.0 144746574260.45386 25219.31048863314
2170000.0 144701532436.38986 25230.676916842425
2180000.0 144656282694.5097 25242.097568585443
2190000.0 144610825040.8448 25253.572473739612
2200000.0 144565159481.5777 25265.10166238179
2210000.0 144519286023.0442 25276.685164788963
2220000.0 144473204671.73553 25288.323011439
2230000.0 144426915434.30054 25300.015233011345
2240000.0 144380418317.54797 25311.761860387775
2250000.0 144333713328.4486 25323.562924653106
2260000.0 144286800474.13754 25335.418457095937
2270000.0 144239679761.91663 25347.328489209365
2280000.0 144192351199.2564 25359.293052691726
2290000.0 144144814793.79874 25371.312179447323
2300000.0 144097070553.359 25383.385901587157
2310000.0 144049118485.9285 25395.514251429668
2320000.0 144000958599.67673 25407.697261501453
2330000.0 143952590902.9538 25419.934964538013
2340000.0 143904015404.2929 25432.227393484496
2350000.0 143855232112.4127 25444.57458149641
2360000.0 143806241036.21976 25456.976561940377
2370000.0 143757042184.811 25469.433368394868
2380000.0 143707635567.47623 25481.945034650937
2390000.0 143658021193.70068 25494.511594712963
2400000.0 143608199073.16736 25507.13308279939
2410000.0 143558169215.75986 25519.809533343454
2420000.0 143507931631.56473 25532.54098099394
2430000.0 143457486330.8741 25545.32746061592
2440000.0 143406833324.1884 25558.169007291475
2450000.0 143355972622.21884 25571.065656320457
2460000.0 143304904235.89026 25584.017443221226
2470000.0 143253628176.34354 25597.02440373137
2480000.0 143202144454.93857 25610.08657380848
2490000.0 143150453083.25677 25623.203989630863
2500000.0 143098554073.104 25636.3766875983
2510000.0 143046447436.51318 25649.604704332778
2520000.0 142994133185.74722 25662.88807667923
2530000.0 142941611333.30167 25676.226841706295
2540000.0 142888881891.90765 25689.621036707034
2550000.0 142835944874.53485 25703.07069919968
2560000.0 142782800294.39404 25716.575866928382
2570000.0 142729448164.94037 25730.13657786394
2580000.0 142675888499.87607 25743.752870204553
2590000.0 142622121313.15344 25757.424782376544
2600000.0 142568146618.97787 25771.152353035115
2610000.0 142513964431.81094 25784.93562106507
2620000.0 142459574766.37317 25798.774625581565
2630000.0 142404977637.64728 25812.66940593084
2640000.0 142350173060.88132 25826.62000169095
2650000.0 142295161051.59155 25840.626452672514
2660000.0 142239941625.56577 25854.688798919433
2670000.0 142184514798.8664 25868.80708070964
2680000.0 142128880587.83362 25882.98133855582
2690000.0 142073039009.08865 25897.211613206146
2700000.0 142016990079.53693 25911.49794564502
2710000.0 141960733816.37137 25925.840377093788
2720000.0 141904270237.07574 25940.238949011473
2730000.0 141847599359.4278 25954.69370309551
2740000.0 141790721201.50278 25969.20468128246
2750000.0 141733635781.67676 25983.771925748748
2760000.0 141676343118.6299 25998.395478911374
2770000.0 141618843231.35013 26013.075383428644
2780000.0 141561136139.1363 26027.811682200892
2790000.0 141503221861.60187 26042.604418371175
2800000.0 141445100418.67828 26057.453635326034
2810000.0 141386771830.61865 26072.359376696168
2820000.0 141328236118.0012 26087.32168635716
2830000.0 141269493301.73288 26102.34060843021
2840000.0 141210543403.05298 26117.416187282815
2850000.0 141151386443.53693 26132.548467529487
2860000.0 141092022445.09964 26147.737494032463
2870000.0 141032451429.99963 26162.983311902408
2880000.0 140972673420.8425 26178.285966499116
2890000.0 140912688440.58475 26193.64550343219
2900000.0 140852496512.53763 26209.061968561786
2910000.0 140792097660.37097 26224.535407999243
2920000.0 140731491908.11703 26240.065868107828
2930000.0 140670679280.17435 26255.65339550339
2940000.0 140609659801.31183 26271.29803705508
2950000.0 140548433496.6725 26286.99983988599
2960000.0 140487000391.7776 26302.758851373874
2970000.0 140425360512.53076 26318.575119151807
2980000.0 140363513885.22174 26334.448691108857
2990000.0 140301460536.53082 26350.379615390768
3000000.0 140239200493.53275 26366.367940400607
3010000.0 140176733783.701 26382.413714799455
3020000.0 140114060434.91193 26398.516987507053
3030000.0 140051180475.4489 26414.677807702465
3040000.0 139988093934.00687 26430.896224824723
3050000.0 139924800839.69626 26447.172288573493
3060000.0 139861301222.0476 26463.5060489097
3070000.0 139797595111.01587 26479.897556056207
3080000.0 139733682536.98468 26496.346860498412
3090000.0 139669563530.77094 26512.854012984903
3100000.0 139605238123.6293 26529.41906452811
3110000.0 139540706347.25665 26546.042066404876
3120000.0 139475968233.79657 26562.72307015715
3130000.0 139411023815.844 26579.462127592546
3140000.0 139345873126.44998 26596.259290784987
3150000.0 139280516199.1261 26613.114612075304
3160000.0 139214953067.84933 26630.028144071843
3170000.0 139149183767.06677 26646.99993965105
3180000.0 139083208331.70035 26664.030051958103
3190000.0 139017026797.15173 26681.118534407455
3200000.0 138950639199.30716 26698.26544068345
3210000.0 138884045574.54224 26715.470824740885
3220000.0 138817245959.72705 26732.73474080558
3230000.0 138750240392.23102 26750.05724337498
3240000.0 138683028909.92798 26767.438387218666
3250000.0 138615611551.20117 26784.87822737895
3260000.0 138547988354.94846 26802.3768191714
3270000.0 138480159360.58737 26819.934218185415
3280000.0 138412124608.06036 26837.550480284717
3290000.0 138343884137.83997 26855.22566160794
3300000.0 138275437990.9341 26872.959818569096
3310000.0 138206786208.89142 26890.753007858144
3320000.0 138137928833.80667 26908.605286441478
3330000.0 138068865908.32605 26926.516711562428
3340000.0 137999597475.6526 26944.487340741773
3350000.0 137930123579.55194 26962.517231778227
3360000.0 137860444264.35748 26980.60644274892
3370000.0 137790559574.9763 26998.755032009878
3380000.0 137720469556.89447 27016.963058196492
3390000.0 137650174256.18317 27035.230580223986
3400000.0 137579673719.50385 27053.557657287853
3410000.0 137508967994.11444 27071.944348864334
3420000.0 137438057127.87508 27090.390714710808
3430000.0 137366941169.2538 27108.89681486628
3440000.0 137295620167.33263 27127.462709651747
3450000.0 137224094171.81348 27146.088459670653
3460000.0 137152363233.02414 27164.77412580927
3470000.0 137080427401.9244 27183.519769237104
3480000.0 137008286730.11206 27202.32545140728
3490000.0 136935941269.82927 27221.191234056914
3500000.0 136863391073.96849 27240.117179207486
3510000.0 136790636196.07903 27259.1033491652
3520000.0 136717676690.37306 27278.14980652133
3530000.0 136644512611.73227 27297.25661415256
3540000.0 136571144015.71414 27316.42383522131
3550000.0 136497570958.5584 27335.651533176075
3560000.0 136423793497.19357 27354.939771751688
3570000.0 136349811689.24362 27374.288614969668
3580000.0 136275625593.0345 27393.698127138483
3590000.0 136201235267.6009 27413.168372853826
3600000.0 136126640772.69293 27432.699416998883
3610000.0 136051842168.78296 27452.291324744598
3620000.0 135976839517.07246 27471.94416154989
3630000.0 135901632879.499 27491.65799316191
3640000.0 135826222318.74301 27511.432885616246
3650000.0 135750607898.23503 27531.268905237135
3660000.0 135674789682.1627 27551.16611863766
3670000.0 135598767735.47789 27571.12459271991
3680000.0 135522542123.9039 27591.14439467519
3690000.0 135446112913.94278 27611.22559198413
3700000.0 135369480172.8826 27631.36825241688
3710000.0 135292643968.80484 27651.572444033187
3720000.0 135215604370.59189 27671.838235182546
3730000.0 135138361447.93443 27692.165694504303
3740000.0 135060915271.33916 27712.554890927713
3750000.0 134983265912.13629 27733.005893672052
3760000.0 134905413442.48737 27753.518772246643
3770000.0 134827357935.39288 27774.09359645093
3780000.0 134749099464.7002 27794.73043637449
3790000.0 134670638105.11145 27815.429362397048
3800000.0 134591973932.19139 27836.190445188484
3810000.0 134513107022.37555 27857.013755708806
3820000.0 134434037452.97821 27877.899365208126
3830000.0 134354765302.20058 27898.847345226615
3840000.0 134275290649.13907 27919.85776759442
3850000.0 134195613573.79349 27940.930704431597
3860000.0 134115734157.07553 27962.066228148018
3870000.0 134035652480.81708 27983.264411443226
3880000.0 133955368627.77873 28004.52532730632
3890000.0 133874882681.65845 28025.849049015815
3900000.0 133794194727.10007 28047.235650139446
3910000.0 133713304849.7021 28068.685204533995
3920000.0 133632213136.02652 28090.197786345074
3930000.0 133550919673.60751 28111.773470006912
3940000.0 133469424550.96057 28133.412330242103
3950000.0 133387727857.59137 28155.11444206132
3960000.0 133305829684.00485 28176.879880763066
3970000.0 133223730121.7145 28198.708721933344
3980000.0 133141429263.2514 28220.601041445334
3990000.0 133058927202.1737 28242.556915459052
4000000.0 132976224033.0759 28264.576420420977
4010000.0 132893319851.59831 28286.65963306366
4020000.0 132810214754.43669 28308.80663040531
4030000.0 132726908839.35179 28331.01748974937
4040000.0 132643402205.17908 28353.292288684053
4050000.0 132559694951.83849 28375.631105081855
4060000.0 132475787180.3443 28398.03401709907
4070000.0 132391678992.81517 28420.50110317524
4080000.0 132307370492.48405 28443.032442032632
4090000.0 132222861783.70834 28465.628112675644
4100000.0 132138152971.98012 28488.2881943902
4110000.0 132053244163.93634 28511.01276674315
4120000.0 131968135467.36935 28533.80190958159
4130000.0 131882826991.23715 28556.65570303221
4140000.0 131797318845.67413 28579.574227500576
4150000.0 131711611142.00159 28602.5575636704
4160000.0 131625703992.73846 28625.60579250281
4170000.0 131539597511.61214 28648.71899523553
4180000.0 131453291813.56944 28671.89725338208
4190000.0 131366787014.78746 28695.140648730965
4200000.0 131280083232.6848 28718.449263344748
4210000.0 131193180585.93265 28741.82317955922
4220000.0 131106079194.4661 28765.262479982404
4230000.0 131018779179.49547 28788.767247493663
4240000.0 130931280663.5178 28812.33756524266
4250000.0 130843583770.32843 28835.973516648366
4260000.0 130755688625.03255 28859.675185398
4270000.0 130667595354.0571 28883.442655445957
4280000.0 130579304085.16245 28907.27601101268
4290000.0 130490814947.45447 28931.175336583514
4300000.0 130402128071.39659 28955.140716907536
4310000.0 130313243588.82182 28979.172236996325
4320000.0 130224161632.94514 29003.26998212274
4330000.0 130134882338.37576 29027.434037819585
4340000.0 130045405841.1296 29051.664489878352
4350000.0 129955732278.64189 29075.961424347817
4360000.0 129865861789.7798 29100.324927532678
4370000.0 129775794514.85518 29124.755085992107
4380000.0 129685530595.63753 29149.251986538296
4390000.0 129595070175.36691 29173.815716234953
4400000.0 129504413398.76706 29198.446362395745
4410000.0 129413560412.05862 29223.144012582743
4420000.0 129322511362.97246 29247.908754604767
4430000.0 129231266400.763 29272.74067651575
4440000.0 129139825676.22197 29297.639866613034
4450000.0 129048189341.6918 29322.60641343561
4460000.0 128956357551.0796 29347.640405762337
4470000.0 128864330459.87097 29372.74193261013
4480000.0 128772108225.14398 29397.91108323207
4490000.0 128679691005.58333 29423.14794711548
4500000.0 128587078961.49452 29448.452613979996
4510000.0 128494272254.81836 29473.825173775524
4520000.0 128401271049.14525 29499.26571668022
4530000.0 128308075509.7299 29524.77433309837
4540000.0 128214685803.50612 29550.351113658257
4550000.0 128121102099.10147 29575.996149209957
4560000.0 128027324566.85237 29601.70953082311
4570000.0 127933353378.81924 29627.491349784614
4580000.0 127839188708.80154 29653.3416975963
4590000.0 127744830732.35335 29679.260665972524
4600000.0 127650279626.79866 29705.24834683773
4610000.0 127555535571.24707 29731.30483232396
4620000.0 127460598746.60957 29757.430214768305
4630000.0 127365469335.61433 29783.62458671029
4640000.0 127270147522.82275 29809.888040889233
4650000.0 127174633494.64561 29836.220670241517
4660000.0 127078927439.35936 29862.622567897848
4670000.0 126983029547.12247 29889.093827180408
4680000.0 126886940009.99205 29915.63454159997
4690000.0 126790659021.94054 29942.244804852984
4700000.0 126694186778.8725 29968.924710818555
4710000.0 126597523478.64166 29995.674353555383
4720000.0 126500669321.06792 30022.49382729866
4730000.0 126403624507.95473 30049.38322645686
4740000.0 126306389243.10645 30076.342645608525
4750000.0 126208963732.34587 30103.37217949894
4760000.0 126111348183.53195 30130.47192303676
4770000.0 126013542806.5777 30157.641971290563
4780000.0 125915547813.4681 30184.882419485377
4790000.0 125817363418.27827 30212.193362999074
4800000.0 125718989837.19188 30239.57489735874
4810000.0 125620427288.51942 30267.027118236972
4820000.0 125521675992.71703 30294.550121448112
4830000.0 125422736172.40501 30322.14400294436
4840000.0 125323608052.38701 30349.80885881188
4850000.0 125224291859.66895 30377.54478526681
4860000.0 125124787823.4783 30405.35187865117
4870000.0 125025096175.28352 30433.230235428724
4880000.0 124925217148.81358 30461.179952180777
4890000.0 124825150980.07776 30489.201125601852
4900000.0 124724897907.38547 30517.29385249535
4910000.0 124624458171.36641 30545.458229769047
4920000.0 124523832014.9907 30573.694354430587
4930000.0 124423019683.58939 30602.002323582885
4940000.0 124322021424.87495 30630.382234419372
4950000.0 124220837488.9621 30658.834184219264
4960000.0 124119468128.38866 30687.358270342662
4970000.0 124017913598.13669 30715.95459022561
4980000.0 123916174155.65376 30744.62324137505
4990000.0 123814250060.87439 30773.364321363697
5000000.0 123712141576.24171 30802.177927824807
5010000.0 123609848966.72928 30831.064158446858
5020000.0 123507372499.863 30860.023110968174
5030000.0 123404712445.74342 30889.054883171415
5040000.0 123301869077.06805 30918.15957287797
5050000.0 123198842669.1539 30947.337277942286
5060000.0 123095633499.96024 30976.588096246072
5070000.0 122992241850.11153 31005.912125692426
5080000.0 122888668002.92055 31035.30946419984
5090000.0 122784912244.41174 31064.780209696113
5100000.0 122680974863.3447 31094.324460112166
5110000.0 122576856151.23787 31123.94231337575
5120000.0 122472556402.39246 31153.633867405028
5130000.0 122368075913.91658 31183.399220102114
5140000.0 122263414985.74959 31213.238469346412
5150000.0 122158573920.68646 31243.1517129879
5160000.0 122053553024.40265 31273.139048840312
5170000.0 121948352605.47897 31303.200574674174
5180000.0 121842972975.4267 31333.33638820974
5190000.0 121737414448.71294 31363.546587109813
5200000.0 121631677342.78616 31393.831268972448
5210000.0 121525761978.10202 31424.190531323537
5220000.0 121419668678.14923 31454.624471609262
5230000.0 121313397769.47588 31485.13318718844
5240000.0 121206949581.71574 31515.71677532473
5250000.0 121100324447.61499 31546.37533317874
5260000.0 120993522703.05898 31577.108957799974
5270000.0 120886544687.0994 31607.91774611865
5280000.0 120779390741.9815 31638.801794937426
5290000.0 120672061213.1717 31669.76120092296
5300000.0 120564556449.38527 31700.796060597342
5310000.0 120456876802.61433 31731.90647032938
5320000.0 120349022628.15613 31763.09252632578
5330000.0 120240994284.6414 31794.354324622152
5340000.0 120132792134.06322 31825.691961073884
5350000.0 120024416541.80565 31857.10553134688
5360000.0 119915867876.67319 31888.595130908154
5370000.0 119807146510.92001 31920.160855016253
5380000.0 119698252820.27966 31951.802798711564
5390000.0 119589187183.99495 31983.52105680645
5400000.0 119479949984.84807 32015.315723875225
5410000.0 119370541609.19098 32047.18689424399
5420000.0 119260962446.97607 32079.134661980308
5430000.0 119151212891.78705 32111.15912088271
5440000.0 119041293340.87004 32143.26036447005
5450000.0 118931204195.16504 32175.43848597069
5460000.0 118820945859.3375 32207.69357831153
5470000.0 118710518741.8103 32240.025734106835
5480000.0 118599923254.79594 32272.435045646944
5490000.0 118489159814.32889 32304.921604886757
5500000.0 118378228840.29836 32337.485503434098
5510000.0 118267130756.48128 32370.126832537833
5520000.0 118155865990.57552 32402.845683075888
5530000.0 118044434974.23338 32435.642145543006
5540000.0 117932838143.09538 32468.51631003839
5550000.0 117821075936.8244 32501.468266253116
5560000.0 117709148799.1399 32534.498103457354
5570000.0 117597057177.85258 32567.60591048744
5580000.0 117484801524.8993 32600.791775732705
5590000.0 117372382296.37823 32634.055787122135
5600000.0 117259799952.58435 32667.39803211083
5610000.0 117147054958.04514 32700.818597666246
5620000.0 117034147781.55667 32734.31757025427
5630000.0 116921078896.21994 32767.89503582502
5640000.0 116807848779.47743 32801.551079798526
5650000.0 116694457913.15012 32835.28578705012
5660000.0 116580906783.47461 32869.09924189563
5670000.0 116467195881.14072 32902.991528076425
5680000.0 116353325701.32922 32936.96272874412
5690000.0 116239296743.75 32971.01292644517
5700000.0 116125109512.68053 33005.14220310513
5710000.0 116010764517.00449 33039.350640012846
5720000.0 115896262270.25087 33073.6383178042
5730000.0 115781603290.63338 33108.00531644582
5740000.0 115666788101.08997 33142.45171521841
5750000.0 115551817229.32295 33176.97759269995
5760000.0 115436691207.83919 33211.58302674855
5770000.0 115321410573.9908 33246.26809448513
5780000.0 115205975870.016 33281.03287227585
5790000.0 115090387643.0805 33315.877435714225
5800000.0 114974646445.31895 33350.80185960302
5810000.0 114858752833.87692 33385.806217935955
5820000.0 114742707370.95317 33420.890583878994
5830000.0 114626510623.84213 33456.05502975152
5840000.0 114510163164.97697 33491.299627007174
5850000.0 114393665571.97269 33526.62444621437
5860000.0 114277018427.66974 33562.02955703668
5870000.0 114160222320.17804 33597.51502821277
5880000.0 114043277842.92108 33633.08092753618
5890000.0 113926185594.6807 33668.72732183477
5900000.0 113808946179.64189 33704.454276949844
5910000.0 113691560207.43826 33740.261857715086
5920000.0 113574028293.1975 33776.15012793505
5930000.0 113456351057.5875 33812.11915036351
5940000.0 113338529126.86272 33848.16898668137
5950000.0 113220563132.91087 33884.29969747435
5960000.0 113102453713.29997 33920.51134221033
5970000.0 112984201511.32579 33956.8039792164
5980000.0 112865807176.05965 33993.177665655574
5990000.0 112747271362.39656 34029.63245750316
6000000.0 112628594731.10378 34066.16840952286
6010000.0 112509777948.86966 34102.78557524251
6020000.0 112390821688.35292 34139.48400692946
6030000.0 112271726628.23235 34176.263755565684
6040000.0 112152493453.25664 34213.12487082248
6050000.0 112033122854.2949 34250.067401034845
6060000.0 111913615528.38744 34287.09139317554
6070000.0 111793972178.79672 34324.19689282875
6080000.0 111674193515.05911 34361.383944163405
6090000.0 111554280253.03658 34398.652589906145
6100000.0 111434233114.96904 34436.002871313925
6110000.0 111314052829.5271 34473.434828146215
6120000.0 111193740131.86497 34510.94849863688
6130000.0 111073295763.67404 34548.5439194656
6140000.0 110952720473.2366 34586.22112572904
6150000.0 110832015015.48015 34623.980150911484
6160000.0 110711180152.03195 34661.821026855156
6170000.0 110590216651.27408 34699.74378373014
6180000.0 110469125288.39883 34737.74845000391
6190000.0 110347906845.46454 34775.835052410424
6200000.0 110226562111.45174 34814.003615918795
6210000.0 110105091882.31984 34852.254163701604
6220000.0 109983496961.0641 34890.58671710279
6230000.0 109861778157.77307 34929.00129560503
6240000.0 109739936289.6864 34967.49791679678
6250000.0 109617972181.25304 35006.07659633889
6260000.0 109495886664.18997 35044.737347930706
6270000.0 109373680577.54115 35083.48018327576
6280000.0 109251354767.73705 35122.30511204708
6290000.0 109128910088.65448 35161.21214185193
6300000.0 109006347401.67688 35200.20127819621
6310000.0 108883667575.75502 35239.27252444833
6320000.0 108760871487.4682 35278.425881802585
6330000.0 108637960021.08562 35317.661349242146
6340000.0 108514934068.6284 35356.978923501534
6350000.0 108391794529.93202 35396.37859902859
6360000.0 108268542312.70901 35435.860367945985
6370000.0 108145178332.61217 35475.424220012246
6380000.0 108021703513.29819 35515.07014258224
6390000.0 107898118786.49176 35554.79812056726
6400000.0 107774425092.04993 35594.60813639443
6410000.0 107650623378.02707 35634.500169965824
6420000.0 107526714600.74016 35674.47419861685
6430000.0 107402699724.83453 35714.530197074266
6440000.0 107278579723.34998 35754.66813741358
6450000.0 107154355577.7874 35794.88798901599
6460000.0 107030028278.17575 35835.18971852471
6470000.0 106905598823.1395 35875.573289800835
6480000.0 106781068219.96643 35916.038663878564
6490000.0 106656437484.676 35956.58579891999
6500000.0 106531707642.0879 35997.214650169175
6510000.0 106406879725.89136 36037.925169905844
6520000.0 106281954778.71448 36078.71730739835
6530000.0 106156933852.19434 36119.591008856165
6540000.0 106031818007.04735 36160.54621738174
6550000.0 105906608313.14001 36201.58287292182
6560000.0 105781305849.56021 36242.70091221813
6570000.0 105655911704.68881 36283.90026875751
6580000.0 105530426976.27176 36325.18087272137
6590000.0 105404852771.4925 36366.54265093468
6600000.0 105279190207.04497 36407.98552681417
6610000.0 105153440409.2068 36449.509420316055
6620000.0 105027604513.9132 36491.1142478831
6630000.0 104901683666.83092 36532.79992239102
6640000.0 104775679023.43295 36574.56635309429
6650000.0 104649591749.0734 36616.41344557128
6660000.0 104523423019.06285 36658.341101668804
6670000.0 104397174018.74423 36700.34921944597
6680000.0 104270845943.56894 36742.437693117405
6690000.0 104144439999.17336 36784.60641299578
6700000.0 104017957401.45595 36826.85526543374
6710000.0 103891399376.65454 36869.184132765105
6720000.0 103764767161.4242 36911.59289324544
6730000.0 103638062002.9152 36954.0814209919
6740000.0 103511285158.85185 36996.649585922445
6750000.0 103384437897.61116 37039.29725369431
6760000.0 103257521498.3023 37082.024285641855
6770000.0 103130537250.84633 37124.83053871363
6780000.0 103003486456.05614 37167.71586540878
6790000.0 102876370425.71695 37210.68011371278
6800000.0 102749190482.66719 37253.723127032375
6810000.0 102621947960.87958 37296.84474412986
6820000.0 102494644205.54271 37340.044799056646
6830000.0 102367280573.14287 37383.32312108602
6840000.0 102239858431.54637 37426.679534645285
6850000.0 102112379160.08203 37470.11385924708
6860000.0 101984844149.62418 37513.62590941999
6870000.0 101857254802.67583 37557.215494638425
6880000.0 101729612533.45236 37600.882419251706
6890000.0 101601918767.96533 37644.62648241245
6900000.0 101474174944.1068 37688.44747800419
6910000.0 101346382511.73372 37732.34519456817
6920000.0 101218542932.75294 37776.31941522949
6930000.0 101090657681.20628 37820.369917622345
6940000.0 100962728243.35593 37864.49647381464
6950000.0 100834756117.77019 37908.698850231696
6960000.0 100706742815.40952 37952.97680757928
6970000.0 100578689859.7127 37997.33010076579
6980000.0 100450598786.68349 38041.758478823656
6990000.0 100322471144.97728 38086.261684830024
7000000.0 100194308495.98824 38130.83945582655
7010000.0 100066112413.93642 38175.49152273847
7020000.0 99937884485.9555 38220.217610292864
7030000.0 99809626312.1802 38265.01743693608
7040000.0 99681339505.83452 38309.8907147504
7050000.0 99553025693.31952 38354.83714936992
7060000.0 99424686514.30193 38399.856439895564
7070000.0 99296323621.80254 38444.94827880936
7080000.0 99167938682.2848 38490.11235188783
7090000.0 99039533375.74371 38535.34833811464
7100000.0 98911109395.7948 38580.655909592475
7110000.0 98782668449.76314 38626.03473145394
7120000.0 98654212258.77269 38671.484461771826
7130000.0 98525742557.83559 38717.004751468514
7140000.0 98397261095.94151 38762.59524422447
7150000.0 98268769636.14735 38808.2555763861
7160000.0 98140269955.6667 38853.98537687266
7170000.0 98011763845.9595 38899.78426708239
7180000.0 97883253112.82182 38945.65186079786
7190000.0 97754739576.4755 38991.587764090524
7200000.0 97626225071.65791 39037.591575224404
7210000.0 97497711447.71179 39083.66288455903
7220000.0 97369200568.67485 39129.80127445154
7230000.0 97240694313.3695 39176.006319158005
7240000.0 97112194575.49257 39222.277584733936
7250000.0 96983703263.70479 39268.61462893403
7260000.0 96855222301.72035 39315.017001111075
7270000.0 96726753628.39632 39361.48424211413
7280000.0 96598299197.82185 39408.01588418583
7290000.0 96469860979.40744 39454.611450859054
7300000.0 96341440957.97382 39501.27045685268
7310000.0 96213041133.84079 39547.99240796664
7320000.0 96084663522.91588 39594.7768009762
7330000.0 95956310156.78275 39641.62312352551
7340000.0 95827983082.78929 39688.53085402036
7350000.0 95699684364.13564 39735.49946152023
7360000.0 95571416079.96172 39782.528405629586
7370000.0 95443180325.4346 39829.61713638841
7380000.0 95314979211.83553 39876.765094162176
7390000.0 95186814866.64653 39923.97170953084
7400000.0 95058689433.63676 39971.23640317739
7410000.0 94930605072.9483 40018.5585857756
7420000.0 94802563961.18173 40065.93765787707
7430000.0 94674568291.48102 40113.37300979763
7440000.0 94546620273.61821 40160.86402150313
7450000.0 94418722134.07732 40208.410062494506
7460000.0 94290876116.13795 40256.010491692316
7470000.0 94163084479.95822 40303.6646573205
7480000.0 94035349502.65715 40351.37189678972
7490000.0 93907673478.39638 40399.13153657999
7500000.0 93780058718.46138 40446.942892122745
7510000.0 93652507551.34183 40494.80526768237
7520000.0 93525022322.81134 40542.71795623725
7530000.0 93397605396.00656 40590.6802393601
7540000.0 93270259151.50537 40638.691387098064
7550000.0 93142985987.4043 40686.75065785206
7560000.0 93015788319.3952 40734.857298255854
7570000.0 92888668580.84099 40783.01054305453
7580000.0 92761629222.85039 40831.20961498269
7590000.0 92634672714.35205 40879.45372464209
7600000.0 92507801542.1673 40927.74207037899
7610000.0 92381018211.08217 40976.07383816113
7620000.0 92254325243.91827 41024.44820145435
7630000.0 92127725181.6026 41072.86432109887
7640000.0 92001220583.23622 41121.321345185366
7650000.0 91874814026.16182 41169.8184089307
7660000.0 91748508106.02994 41218.35463455348
7670000.0 91622305436.8642 41266.92913114934
7680000.0 91496208651.12502 41315.54099456616
7690000.0 91370220399.77208 41364.189307279026
7700000.0 91244343352.32552 41412.87313826513
7710000.0 91118580196.92554 41461.59154287862
7720000.0 90992933640.39075 41510.3435627253
7730000.0 90867406408.27487 41559.12822553744
7740000.0 90742001244.92189 41607.94454504853
7750000.0 90616720913.51985 41656.791520868064
7760000.0 90491568196.15265 41705.66813835654
7770000.0 90366545893.85045 41754.573368500416
7780000.0 90241656826.63818 41803.506167787426
7790000.0 90116903833.58238 41852.46547808198
7800000.0 89992289772.83614 41901.4502265008
7810000.0 89867817521.68213 41950.45932528898
7820000.0 89743489976.57379 41999.49167169629
7830000.0 89619310053.17447 42048.546147853835
7840000.0 89495280686.39453 42097.62162065126
7850000.0 89371404830.4264 42146.71694161431
7860000.0 89247685458.77742 42195.83094678299
7870000.0 89124125564.30058 42244.9624565903
7880000.0 89000728159.2229 42294.11027574153
7890000.0 88877496275.17152 42343.27319309432
7900000.0 88754432963.19759 42392.44998153938
7910000.0 88631541293.7974 42441.63939788205
7920000.0 88508824356.93134 42490.84018272464
7930000.0 88386285262.04019 42540.05106034976
7940000.0 88263927138.05878 42589.27073860447
7950000.0 88141753133.42702 42638.49790878561
7960000.0 88019766416.09822 42687.731245526076
7970000.0 87897970173.54463 42736.96940668228
7980000.0 87776367612.76009 42786.21103322283
7990000.0 87654961960.2597 42835.45474911848
8000000.0 87533756462.07686 42884.69916123334
8010000.0 87412754383.7567 42933.942859217605
8020000.0 87291959010.34695 42983.18441540164
8030000.0 87171373646.38535 43032.422384691716
8040000.0 87051001615.88383 43081.655304467226
8050000.0 86930846262.30956 43130.88169447971
8060000.0 86810910948.56238 43180.10005675357
8070000.0 86691199056.94905 43229.30887548863
8080000.0 86571713989.15382 43278.50661696462
8090000.0 86452459166.20547 43327.691729447666
8100000.0 86333438028.4408 43376.86264309875
8110000.0 86214654035.46416 43426.01776988448
8120000.0 86096110666.10355 43475.15550348995
8130000.0 85977811418.36253 43524.27421923403
8140000.0 85859759809.3685 43573.372273986926
8150000.0 85741959375.31667 43622.44800609036
8160000.0 85624413671.41028 43671.49973528026
8170000.0 85507126271.79639 43720.525762612095
8180000.0 85390100769.49774 43769.52437038902
8190000.0 85273340776.3401 43818.493822092816
8200000.0 85156849922.87537 43867.432362317806
8210000.0 85040631858.30017 43916.33821670777
8220000.0 84924690250.37007 43965.20959189605
8230000.0 84809028785.30908 44014.04467544876
8240000.0 84693651167.71463 44062.84163581145
8250000.0 84578561120.45767 44111.59862225915
8260000.0 84463762384.57812 44160.31376484985
8270000.0 84349258719.17537 44208.98517438173
8280000.0 84235053901.29382 44257.610942354026
8290000.0 84121151725.80345 44306.18914093177
8300000.0 84007556005.27531 44354.71782291441
8310000.0 83894270569.85175 44403.195021708576
8320000.0 83781299267.11143 44451.618751304806
8330000.0 83668645961.92917 44499.9870062587
8340000.0 83556314536.33023 44548.29776167635
8350000.0 83444308889.33914 44596.54897320425
8360000.0 83332632936.82318 44644.73857702372
8370000.0 83221290611.33003 44692.86448985018
8380000.0 83110285861.91988 44740.92460893701
8390000.0 82999622653.99174 44788.9168120845
8400000.0 82889304969.10406 44836.83895765369
8410000.0 82779336804.78922 44884.688884585434
8420000.0 82669722174.3623 44932.46441242465
8430000.0 82560465106.72374 44980.16334134997
8440000.0 82451569646.15585 45027.783452208845
8450000.0 82343039852.1133 45075.32250655822
8460000.0 82234879799.00725 45122.77824671095
8470000.0 82127093575.98329 45170.148395788005
8480000.0 82019685286.69304 45217.43065777662
8490000.0 81912659049.0592 45264.62271759445
8500000.0 81806018995.03433 45311.722241159965
8510000.0 81699769270.35294 45358.72687546904
8520000.0 81593914034.27704 45405.63424867796
8530000.0 81488457459.33507 45452.44197019294
8540000.0 81383403731.05408 45499.14763076621
8550000.0 81278757047.68518 45545.74880259894
8560000.0 81174521619.92218 45592.243039450805
8570000.0 81070701670.61333 45638.62787675673
8580000.0 80967301434.46625 45684.90083175049
8590000.0 80864325157.74568 45731.05940359564
8600000.0 80761777097.96454 45777.10107352356
8610000.0 80659661523.56767 45823.02330497907
8620000.0 80557982713.6086 45868.823543773346
8630000.0 80456744957.41919 45914.49921824456
8640000.0 80355952554.27206 45960.04773942615
8650000.0 80255609813.0359 46005.466501222916
8660000.0 80155721051.82341 46050.75288059501
8670000.0 80056290597.6321 46095.90423774989
8680000.0 79957322785.97777 46140.917916342376
8690000.0 79858821960.52057 46185.791243682914
8700000.0 79760792472.68393 46230.52153095409
8710000.0 79663238681.26587 46275.10607343552
8720000.0 79566164952.0432 46319.54215073712
8730000.0 79469575657.36807 46363.82702704105
8740000.0 79373475175.75734 46407.9579513521
8750000.0 79277867891.47441 46451.932157756906
8760000.0 79182758194.10368 46495.746865691835
8770000.0 79088150478.1176 46539.39928021977
8780000.0 78994049142.43626 46582.88659231576
8790000.0 78900458589.97972 46626.20597916164
8800000.0 78807383227.21269 46669.35460444974
8810000.0 78714827463.68213 46712.32961869555
8820000.0 78622795711.54716 46755.12815955968
8830000.0 78531292385.10193 46797.7473521789
8840000.0 78440321900.29099 46840.18430950643
8850000.0 78349888674.21733 46882.4361326616
8860000.0 78259997124.64333 46924.49991128862
8870000.0 78170651669.48427 46966.372723924935
8880000.0 78081856726.2949 47008.05163837875
8890000.0 77993616711.74863 47049.533712116034
8900000.0 77905936041.10973 47090.815992656935
8910000.0 77818819127.69855 47131.89551798158
8920000.0 77732270382.34962 47172.769316945276
8930000.0 77646294212.86304 47213.43440970323
8940000.0 77560895023.44868 47253.88780814456
8950000.0 77476077214.16397 47294.126516335775
8960000.0 77391845180.34474 47334.1475309737
8970000.0 77308203312.02953 47373.947841847585
8980000.0 77225155993.37727 47413.52443231077
8990000.0 77142707602.07867 47452.87427976148
9000000.0 77060862508.76115 47491.99435613296
9010000.0 76979625076.3874 47530.881628392744
9020000.0 76898999659.64809 47569.533059051166
9030000.0 76818990604.34825 47607.945606678884
9040000.0 76739602246.78787 47646.11622643344
9050000.0 76660838913.13669 47684.04187059476
9060000.0 76582704918.80325 47721.71948910947
9070000.0 76505204567.79846 47759.146030144075
9080000.0 76428342152.09372 47796.3184406467
9090000.0 76352121950.97372 47833.233666917404
9100000.0 76276548230.3843 47869.888655186965
9110000.0 76201625242.27504 47906.280352204
9120000.0 76127357223.93729 47942.40570583019
9130000.0 76053748397.33745 47978.26166564368
9140000.0 75980802968.4457 48013.845183550286
9150000.0 75908525126.5605 48049.153214402475
9160000.0 75836919043.62895 48084.18271662601
9170000.0 75765988873.56308 48118.930652853924
9180000.0 75695738751.55249 48153.39399056781
9190000.0 75626172793.37335 48187.56970274612
9200000.0 75557295094.69405 48221.454768519405
9210000.0 75489109730.37756 48255.04617383215
9220000.0 75421620753.78105 48288.34091211111
9230000.0 75354832196.05249 48321.335984939884
9240000.0 75288748065.4248 48354.0284027395
9250000.0 75223372346.50783 48386.41518545481
9260000.0 75158708999.57796 48418.49336324636
9270000.0 75094761959.86604 48450.25997718766
9280000.0 75031535136.84367 48481.71207996741
9290000.0 74969032413.50801 48512.8467365965
9300000.0 74907257645.66551 48543.66102511961
9310000.0 74846214661.21472 48574.1520373309
9320000.0 74785907259.42847 48604.316879493745
9330000.0 74726339210.23564 48634.15267306405
9340000.0 74667514253.50282 48663.656555416914
9350000.0 74609436098.31607 48692.82568057637
9360000.0 74552108422.26312 48721.65721994778
9370000.0 74495534870.71628 48750.1483630527
9380000.0 74439719056.11615 48778.29631826574
9390000.0 74384664557.25679 48806.09831355317
9400000.0 74330374918.57213 48833.55159721299
9410000.0 74276853649.42442 48860.653438615904
9420000.0 74224104223.39462 48887.401128947175
9430000.0 74172130077.57512 48913.7919819486
9440000.0 74120934611.86528 48939.823334660636
9450000.0 74070521188.26976 48965.492548163995
9460000.0 74020893130.2002 48990.79700832055
9470000.0 73972053721.78038 49015.734126513045
9480000.0 73924006207.15532 49040.30134038325
9490000.0 73876753789.80437 49064.496114568276
9500000.0 73830299631.85895 49088.31594143447
9510000.0 73784646853.4248 49111.75834180867
9520000.0 73739798531.90956 49134.820865706366
9530000.0 73695757701.35544 49157.50109305631
9540000.0 73652527351.77777 49179.796634421196
9550000.0 73610110428.50935 49201.70513171415
9560000.0 73568509831.55118 49223.22425891037
9570000.0 73527728414.92975 49244.35172275372
9580000.0 73487768986.06116 49265.08526345775
9590000.0 73448634305.12245 49285.4226554008
9600000.0 73410327084.4305 49305.3617078147
9610000.0 73372849987.82849 49324.900265466815
9620000.0 73336205630.08073 49344.036209334765
9630000.0 73300396576.27567 49362.76745727374
9640000.0 73265425341.23764 49381.09196467562
9650000.0 73231294388.94759 49399.0077251199
9660000.0 73198006131.97308 49416.51277101568
9670000.0 73165562930.90778 49433.60517423455
9680000.0 73133967093.8208 49450.28304673379
9690000.0 73103220875.71632 49466.54454116962
9700000.0 73073326478.00322 49482.38785150009
9710000.0 73044286047.97581 49497.811213577144
9720000.0 73016101678.30525 49512.81290572756
9730000.0 72988775406.54216 49527.39124932233
9740000.0 72962309214.63083 49541.54460933422
9750000.0 72936705028.43507 49555.27139488284
9760000.0 72911964717.27602 49568.57005976737
9770000.0 72888090093.48222 49581.439102986034
9780000.0 72865082911.95216 49593.877069242386
9790000.0 72842944869.72943 49605.88254943785
9800000.0 72821677605.59093 49617.45418115024
9810000.0 72801282699.64807 49628.590649098005
9820000.0 72781761672.96158 49639.29068558969
9830000.0 72763115987.16956 49649.55307095854
9840000.0 72745347044.1297 49659.37663398178
9850000.0 72728456185.57518 49668.76025228437
9860000.0 72712444692.78482 49677.70285272687
9870000.0 72697313786.26772 49686.203411777205
9880000.0 72683064625.4622 49694.26095586612
9890000.0 72669698308.4497 49701.87456172592
9900000.0 72657215871.6833 49709.0433567124
9910000.0 72645618289.73138 49715.76651910971
9920000.0 72634906475.03645 49722.04327841784
9930000.0 72625081277.68915 49727.8729156227
9940000.0 72616143485.21783 49733.25476344834
9950000.0 72608093822.39359 49738.188206591476
9960000.0 72600932951.05087 49742.672681937824
9970000.0 72594661469.924 49746.7076787603
9980000.0 72589279914.4994 49750.29273889885
9990000.0 72584788756.88383 49753.42745692176
10000000.0 72581188405.68861 49756.111480268475
10010000.0 72578479205.92987 49758.344509373645
10020000.0 72576661438.94493 49760.12629777235
10030000.0 72575735322.32497 49761.45665218659
10040000.0 72575701009.86366 49762.335432592714
10050000.0 72576558591.52238 49762.76255226995
10060000.0 72578308093.41132 49762.73797782994
10070000.0 72580949477.78711 49762.261729227146
10080000.0 72584482643.06667 49761.3338797504
10090000.0 72588907423.85727 49759.95455599517
10100000.0 72594223591.00282 49758.1239378171
10110000.0 72600430851.64645 49755.84225826632
10120000.0 72607528849.30925 49753.10980350299
10130000.0 72615517163.98506 49749.926912693954
10140000.0 72624395312.25143 49746.29397789047
10150000.0 72634162747.39665 49742.21144388748
10160000.0 72644818859.56248 49737.67980806401
10170000.0 72656362975.90308 49732.69962020528
10180000.0 72668794360.75934 49727.271482306416
10190000.0 72682112215.84924 49721.39604835784
10200000.0 72696315680.47346 49715.074024112735
10210000.0 72711403831.73666 49708.30616683656
10220000.0 72727375684.78389 49701.093285038805
10230000.0 72744230193.0523 49693.436238187336
10240000.0 72761966248.53795 49685.33593640528
10250000.0 72780582682.07722 49676.79334015093
10260000.0 72800078263.64334 49667.80945988071
10270000.0 72820451702.65717 49658.385355695464
10280000.0 72841701648.3125 49648.52213697049
10290000.0 72863826689.91556 49638.220961969266
10300000.0 72886825357.23851 49627.483037441474
10310000.0 72910696120.8868 49616.30961820534
10320000.0 72935437392.68 49604.70200671472
10330000.0 72961047526.04631 49592.66155261121
10340000.0 72987524816.43 49580.18965226155
10350000.0 73014867501.7119 49567.28774828067
10360000.0 73043073762.64279 49553.957329040706
10370000.0 73072141723.28902 49540.19992816627
10380000.0 73102069451.49055 49526.017124016405
10390000.0 73132854959.33112 49511.41053915352
10400000.0 73164496203.61987 49496.381839799564
10410000.0 73196991086.38486 49480.93273528005
10420000.0 73230337455.37752 49465.06497745603
10430000.0 73264533104.58827 49448.780360144556
10440000.0 73299575774.77284 49432.08071852794
10450000.0 73335463153.98894 49414.967928552185
10460000.0 73372192878.14322 49397.44390631509
10470000.0 73409762531.548 49379.51060744426
10480000.0 73448169647.48775 49361.170026465465
10490000.0 73487411708.79472 49342.42419616185
10500000.0 73527486148.43378 49323.27518692427
10510000.0 73568390350.09576 49303.7251060932
10520000.0 73610121648.79948 49283.77609729262
10530000.0 73652677331.50179 49263.43033975634
10540000.0 73696054637.71544 49242.69004764702
10550000.0 73740250760.13458 49221.55746936852
10560000.0 73785262845.26741 49200.03488687174
10570000.0 73831087994.07585 49178.124614954635
10580000.0 73877723262.62183 49155.82900055644
10590000.0 73925165662.71985 49133.15042204704
10600000.0 73973412162.59573 49110.09128851125
10610000.0 74022459687.55087 49086.65403902906
10620000.0 74072305120.63213 49062.84114195175
10630000.0 74122945303.30667 49038.65509417451
10640000.0 74174377036.14174 49014.09842040596
10650000.0 74226597079.48892 48989.173672434896
10660000.0 74279602154.17256 48963.88342839473
10670000.0 74333388942.18213 48938.230292025866
10680000.0 74387954087.36824 48912.2168919367
10690000.0 74443294196.1419 48885.845880863235
10700000.0 74499405838.17686 48859.11993492798
10710000.0 74556285547.11462 48832.04175289845
10720000.0 74613929821.27194 48804.61405544554
10730000.0 74672335124.35042 48776.83958440225
10740000.0 74731497886.14801 48748.721102022995
10750000.0 74791414503.27203 48720.261390243984
10760000.0 74852081339.85356 48691.463249945
10770000.0 74913494728.26277 48662.32950021276
10780000.0 74975650969.82501 48632.86297760642
10790000.0 75038546335.53741 48603.0665354254
10800000.0 75102177066.78564 48572.94304297991
10810000.0 75166539376.06065 48542.49538486446
10820000.0 75231629447.67499 48511.72646023468
10830000.0 75297443438.47865 48480.639182087805
10840000.0 75363977478.5741 48449.236476547005
10850000.0 75431227672.03004 48417.521282149944
10860000.0 75499190097.59409 48385.4965491418
10870000.0 75567860809.40373 48353.16523877304
10880000.0 75637235837.6955 48320.53032260221
10890000.0 75707311189.51218 48287.594781803964
10900000.0 75778082849.40764 48254.36160648266
10910000.0 75849546780.14934 48220.83379499168
10920000.0 75921698923.41795 48187.014353258746
10930000.0 75994535200.50426 48152.90629411746
10940000.0 76068051513.00275 48118.51263664528
10950000.0 76142243743.50206 48083.83640550814
10960000.0 76217107756.27179 48048.88063031189
10970000.0 76292639397.94557 48013.64834496083
10980000.0 76368834498.20038 47978.14258702342
10990000.0 76445688870.43163 47942.36639710542
11000000.0 76523198312.42406 47906.32281823057
11010000.0 76601358607.0182 47870.01489522904
11020000.0 76680165522.77219 47833.44567413375
11030000.0 76759614814.61885 47796.61820158473
11040000.0 76839702224.51788 47759.53552424161
11050000.0 76920423482.10295 47722.20068820447
11060000.0 77001774305.32347 47684.616738443074
11070000.0 77083750401.08127 47646.78671823467
11080000.0 77166347465.86143 47608.71366861035
11090000.0 77249561186.35782 47570.40062781031
11100000.0 77333387240.09258 47531.85063074781
11110000.0 77417821296.02998 47493.06670848205
11120000.0 77502859015.18419 47454.0518877002
11130000.0 77588496051.22084 47414.80919020829
11140000.0 77674728051.05255 47375.341632431395
11150000.0 77761550655.42805 47335.65222492294
11160000.0 77848959499.51492 47295.743971883225
11170000.0 77936950213.47583 47255.619870687275
11180000.0 78025518423.03821 47215.28291142204
11190000.0 78114659750.05722 47174.736076432826
11200000.0 78204369813.07202 47133.982339879236
11210000.0 78294644227.85524 47093.0246673004
11220000.0 78385478607.95547 47051.86601518968
11230000.0 78476868565.23296 47010.50933057874
11240000.0 78568809710.38817 46968.95755063106
11250000.0 78661297653.48337 46927.21360224482
11260000.0 78754328004.4571 46885.280401665215
11270000.0 78847896373.63148 46843.160854106136
11280000.0 78941998372.21225 46800.85785338118
11290000.0 79036629612.78178 46758.374281544064
11300000.0 79131785709.78459 46715.71300853826
11310000.0 79227462280.00574 46672.87689185593
11320000.0 79323654943.04184 46629.86877620615
11330000.0 79420359321.76471 46586.69149319219
11340000.0 79517571042.77776 46543.34786099802
11350000.0 79615285736.86488 46499.84068408389
11360000.0 79713499039.43211 46456.17275289087
11370000.0 79812206590.94179 46412.34684355444
11380000.0 79911404037.33936 46368.36571762695
11390000.0 80011087030.47282 46324.23212180884
11400000.0 80111251228.50479 46279.94878768873
11410000.0 80211892296.31715 46235.51843149214
11420000.0 80313005905.90837 46190.94375383881
11430000.0 80414587736.78342 46146.22743950858
11440000.0 80516633476.3364 46101.37215721569
11450000.0 80619138820.22589 46056.38055939142
11460000.0 80722099472.74287 46011.25528197512
11470000.0 80825511147.1715 45965.998944213236
11480000.0 80929369566.14258 45920.61414846655
11490000.0 81033670461.97981 45875.103480025406
11500000.0 81138409577.0389 45829.46950693275
11510000.0 81243582664.03943 45783.71477981509
11520000.0 81349185486.38982 45737.84183172104
11530000.0 81455213818.50488 45691.853177967496
11540000.0 81561663446.11664 45645.75131599333
11550000.0 81668530166.57806 45599.53872522043
11560000.0 81775809789.15977 45553.21786692202
11570000.0 81883498135.33998 45506.79118409819
11580000.0 81991591039.08745 45460.2611013584
11590000.0 82100084347.1378 45413.63002481105
11600000.0 82208973919.26291 45366.90034195979
11610000.0 82318255628.53374 45320.0744216066
11620000.0 82427925361.57648 45273.15461376151
11630000.0 82537979018.8221 45226.14324955875
11640000.0 82648412514.7494 45179.04264117938
11650000.0 82759221778.12155 45131.85508178014
11660000.0 82870402752.21634 45084.58284542844
11670000.0 82981951395.04994 45037.22818704351
11680000.0 83093863679.59445 44989.79334234332
11690000.0 83206135593.98932 44942.28052779747
11700000.0 83318763141.74641 44894.691940585704
11710000.0 83431742341.94923 44847.02975856204
11720000.0 83545069229.44592 44799.296140224375
11730000.0 83658739855.03642 44751.493224689446
11740000.0 83772750285.65372 44703.62313167308
11750000.0 83887096604.53932 44655.6879614755
11760000.0 84001774911.41296 44607.689794971775
11770000.0 84116781322.63657 44559.630693607054
11780000.0 84232111971.37271 44511.51269939673
11790000.0 84347763007.73756 44463.337834931175
11800000.0 84463730598.94824 44415.108103385166
11810000.0 84580010929.46492 44366.82548853169
11820000.0 84696600201.1276 44318.491954760175
11830000.0 84813494633.28746 44270.10944709896
11840000.0 84930690462.93338 44221.679891241896
11850000.0 85048183944.81303 44173.20519357902
11860000.0 85165971351.54913 44124.68724123113
11870000.0 85284048973.75072 44076.127902088214
11880000.0 85402413120.11949 44027.52902485165
11890000.0 85521060117.55148 43978.89243907992
11900000.0 85639986311.23381 43930.219955238004
11910000.0 85759188064.73694 43881.51336475008
11920000.0 85878661760.1023 43832.774440055575
11930000.0 85998403797.92537 43784.004934668505
11940000.0 86118410597.43436 43735.2065832399
11950000.0 86238678596.56451 43686.38110162329
11960000.0 86359204252.0282 43637.53018694308
11970000.0 86479984039.38062 43588.65551766588
11980000.0 86601014453.08147 43539.75875367452
11990000.0 86722292006.55261 43490.841536344735
12000000.0 86843813232.23158 43441.90548862448
12010000.0 86965574681.62125 43392.9522151157
12020000.0 87087572925.33562 43343.98330215854
12030000.0 87209804553.14183 43295.000317917795
12040000.0 87332266173.99847 43246.004812471765
12050000.0 87454954416.0901 43196.99831790306
12060000.0 87577865926.85844 43147.98234839166
12070000.0 87700997373.02977 43098.95840030986
12080000.0 87824345440.63913 43049.927952319165
12090000.0 87947906835.0509 43000.89246546908
12100000.0 88071678280.97641 42951.85338329754
12110000.0 88195656522.48785 42902.81213193317
12120000.0 88319838323.02945 42853.77012019908
12130000.0 88444220465.42522 42804.728739718215
12140000.0 88568799751.88383 42755.68936502021
12150000.0 88693573004.00043 42706.65335364964
12160000.0 88818537062.75554 42657.62204627559
12170000.0 88943688788.51112 42608.59676680253
12180000.0 89069025061.00389 42559.57882248238
12190000.0 89194542779.33571 42510.56950402771
12200000.0 89320238861.96162 42461.57008572609
12210000.0 89446110246.6749 42412.58182555535
12220000.0 89572153890.5899 42363.60596529991
12230000.0 89698366770.12215 42314.643730667936
12240000.0 89824745880.96613 42265.69633140941
12250000.0 89951288238.07066 42216.76496143494
12260000.0 90077990875.61198 42167.85079893533
12270000.0 90204850846.96452 42118.95500650182
12280000.0 90331865224.66943 42070.07873124699
12290000.0 90459031100.4011 42021.22310492621
12300000.0 90586345584.93138 41972.38924405964
12310000.0 90713805808.09201 41923.5782500547
12320000.0 90841408918.73468 41874.791209329
12330000.0 90969152084.68958 41826.029193433635
12340000.0 91097032492.72171 41777.293259176826
12350000.0 91225047348.48553 41728.58444874791
12360000.0 91353193876.47777 41679.90378984149
12370000.0 91481469319.98846 41631.252295781924
12380000.0 91609870941.0504 41582.63096564788
12390000.0 91738396020.3867 41534.040784397104
12400000.0 91867041857.35713 41485.48272299125
12410000.0 91995805769.90245 41436.9577385208
12420000.0 92124685094.48772 41388.466774329994
12430000.0 92253677186.04362 41340.0107601417
12440000.0 92382779417.90688 41291.590612182365
12450000.0 92511989181.75888 41243.207233306755
12460000.0 92641303887.56323 41194.861513122705
12470000.0 92770720963.50183 41146.5543281156
12480000.0 92900237855.90996 41098.28654177283
12490000.0 93029852029.20976 41050.05900470792
12500000.0 93159560965.84296 41001.87255478451
12510000.0 93289362166.20216 40953.72801724004
12520000.0 93419253148.56117 40905.62620480921
12530000.0 93549231449.00427 40857.567917847016
12540000.0 93679294621.35448 40809.55394445161
12550000.0 93809440237.1007 40761.58506058665
12560000.0 93939665885.32411 40713.662030203384
12570000.0 94069969172.62358 40665.7856053623
12580000.0 94200347723.04007 40617.956526354305
12590000.0 94330799177.98041 40570.1755218215
12600000.0 94461321196.14012 40522.44330887751
12610000.0 94591911453.42548 40474.76059322729
12620000.0 94722567642.8749 40427.12806928645
12630000.0 94853287474.57957 40379.546420300045
12640000.0 94984068675.60333 40332.016318460825
12650000.0 95114908989.90202 40284.53842502695
12660000.0 95245806178.24213 40237.11339043914
12670000.0 95376758018.11885 40189.74185443717
12680000.0 95507762303.67361 40142.424446175864
12690000.0 95638816845.61111 40095.16178434044
12700000.0 95769919471.11559 40047.954477261126
12710000.0 95901068023.76701 40000.80312302733
12720000.0 96032260363.45648 39953.70830960096
12730000.0 96163494366.3013 39906.67061492923
12740000.0 96294767924.55972 39859.69060705669
12750000.0 96426078946.54523 39812.76884423665
12760000.0 96557425356.5404 39765.9058750418
12770000.0 96688805094.71063 39719.10223847425
12780000.0 96820216117.01727 39672.358464074765
12790000.0 96951656395.1308 39625.67507203132
12800000.0 97083123916.34341 39579.0525732869
12810000.0 97214616683.48161 39532.49146964658
12820000.0 97346132714.81836 39485.99225388383
12830000.0 97477670043.98524 39439.55540984612
12840000.0 97609226719.88423 39393.1814125597
12850000.0 97740800806.59953 39346.87072833368
12860000.0 97872390383.309 39300.62381486328
12870000.0 98003993544.19566 39254.44112133235
12880000.0 98135608398.35898 39208.323088515106
12890000.0 98267233069.72614 39162.27014887703
12900000.0 98398865696.96315 39116.282726675076
12910000.0 98530504433.386 39070.361238056976
12920000.0 98662147446.87172 39024.506091159856
12930000.0 98793792919.7693 38978.71768620797
12940000.0 98925439048.81088 38932.996415609705
12950000.0 99057084045.02266 38887.342664053715
12960000.0 99188726133.63603 38841.756808604296
12970000.0 99320363553.99863 38796.23921879596
12980000.0 99451994559.48541 38750.790256727196
12990000.0 99583617417.41002 38705.41027715337
13000000.0 99715230408.9359 38660.09962757891
13010000.0 99846831828.98775 38614.85864834861
13020000.0 99978419986.163 38569.68767273815
13030000.0 100109993202.64334 38524.58702704386
13040000.0 100241549814.10652 38479.55703067153
13050000.0 100373088169.63809 38434.597996224584
13060000.0 100504606631.64354 38389.71022959133
13070000.0 100636103575.76039 38344.89403003146
13080000.0 100767577390.77051 38300.149690261715
13090000.0 100899026478.51265 38255.47749654078
13100000.0 101030449253.79521 38210.877728753316
13110000.0 101161844144.30908 38166.350660493285
13120000.0 101293209590.5408 38121.89655914638
13130000.0 101424544045.68591 38077.51568597172
13140000.0 101555845975.56255 38033.208296182725
13150000.0 101687113858.5252 37988.97463902725
13160000.0 101818346185.37881 37944.81495786682
13170000.0 101949541459.29309 37900.729490255195
13180000.0 102080698195.71712 37856.718468016086
13190000.0 102211814922.29414 37812.78211732013
13200000.0 102342890178.77678 37768.920658761046
13210000.0 102473922516.94234 37725.13430743104
13220000.0 102604910500.50858 37681.42327299547
13230000.0 102735852705.04974 37637.78775976665
13240000.0 102866747717.91283 37594.227966777056
13250000.0 102997594138.13419 37550.74408785155
13260000.0 103128390576.3565 37507.336311679064
13270000.0 103259135654.74602 37464.00482188341
13280000.0 103389828006.91016 37420.749797093355
13290000.0 103520466277.81543 37377.571411012
13300000.0 103651049123.70564 37334.469832485374
13310000.0 103781575212.02063 37291.44522557029
13320000.0 103912043221.31506 37248.497749601556
13330000.0 104042451841.17783 37205.62755925831
13340000.0 104172799772.1517 37162.83480462979
13350000.0 104303085725.65327 37120.119631280286
13360000.0 104433308423.89352 37077.48218031341
13370000.0 104563466599.79839 37034.92258843565
13380000.0 104693558996.92998 36992.4409880193
13390000.0 104823584369.40807 36950.0375071645
13400000.0 104953541481.83199 36907.71226976085
13410000.0 105083429109.2029 36865.4653955481
13420000.0 105213246036.84647 36823.29700017626
13430000.0 105342991060.3358 36781.20719526507
13440000.0 105472662985.41501 36739.196088462726
13450000.0 105602260627.92299 36697.26378350396
13460000.0 105731782813.71764 36655.410380267436
13470000.0 105861228378.6004 36613.6359748326
13480000.0 105990596168.24149 36571.940659535714
13490000.0 106119885038.10507 36530.324523025345
13500000.0 106249093853.37526 36488.78765031718
13510000.0 106378221488.88234 36447.33012284826
13520000.0 106507266829.0293 36405.95201853048
13530000.0 106636228767.71898 36364.65341180354
13540000.0 106765106208.28151 36323.43437368728
13550000.0 106893898063.40219 36282.29497183334
13560000.0 107022603255.04973 36241.23527057625
13570000.0 107151220714.40508 36200.25533098393
13580000.0 107279749381.79031 36159.35521090754
13590000.0 107408188206.59842 36118.53496503081
13600000.0 107536536147.2231 36077.79464491869
13610000.0 107664792170.98915 36037.1342990655
13620000.0 107792955254.08327 35996.55397294243
13630000.0 107921024381.48526 35956.053709044514
13640000.0 108048998546.89964 35915.63354693705
13650000.0 108176876752.68768 35875.2935233014
13660000.0 108304658009.79987 35835.03367198028
13670000.0 108432341337.70877 35794.85402402246
13680000.0 108559925764.34239 35754.75460772696
13690000.0 108687410326.01779 35714.73544868668
13700000.0 108814794067.37527 35674.79656983149
13710000.0 108942076041.31297 35634.93799147079
13720000.0 109069255308.9218 35595.15973133557
13730000.0 109196330939.42076 35555.46180461989
13740000.0 109323302010.09293 35515.844224021916
13750000.0 109450167606.2215 35476.306999784414
13760000.0 109576926821.02655 35436.85013973471
13770000.0 109703578755.60202 35397.473649324194
13780000.0 109830122518.85327 35358.177531667294
13790000.0 109956557227.43495 35318.961787579974
13800000.0 110082882005.68921 35279.82641561779
13810000.0 110209095985.58456 35240.771412113354
13820000.0 110335198306.65492 35201.79677121346
13830000.0 110461188115.93915 35162.90248491563
13840000.0 110587064567.92108 35124.08854310422
13850000.0 110712826824.46982 35085.35493358614
13860000.0 110838474054.78049 35046.701642126
13870000.0 110964005435.3155 35008.12865248089
13880000.0 111089420149.74608 34969.6359464347
13890000.0 111214717388.89426 34931.22350383194
13900000.0 111339896350.67525 34892.89130261123
13910000.0 111464956240.04036 34854.63931883822
13920000.0 111589896268.92003 34816.46752673825
13930000.0 111714715656.1675 34778.37589872841
13940000.0 111839413627.50287 34740.36440544931
13950000.0 111963989415.45738 34702.43301579641
13960000.0 112088442259.31833 34664.58169695088
13970000.0 112212771405.0741 34626.81041441013
13980000.0 112336976105.3599 34589.1191320179
13990000.0 112461055619.40361 34551.507811993964
14000000.0 112585009212.97218 34513.97641496346
14010000.0 112708836158.31842 34476.52489998576
14020000.0 112832535734.12808 34439.15322458309
14030000.0 112956107225.46733 34401.861344768644
14040000.0 113079549923.73079 34364.64921507438
14050000.0 113202863126.58965 34327.51678857846
14060000.0 113326046137.94044 34290.46401693229
14070000.0 113449098267.8541 34253.49085038719
14080000.0 113572018832.52522 34216.5972378208
14090000.0 113694807154.22202 34179.783126762995
14100000.0 113817462561.23639 34143.04846342154
14110000.0 113939984387.83449 34106.39319270737
14120000.0 114062371974.20761 34069.81725825959
14130000.0 114184624666.42346 34033.32060247
14140000.0 114306741816.37778 33996.903166507436
14150000.0 114428722781.74638 33960.56489034171
14160000.0 114550566925.93742 33924.30571276721
14170000.0 114672273618.04422 33888.125571426186
14180000.0 114793842232.79826 33852.0244028318
14190000.0 114915272150.52264 33816.002142390724
14200000.0 115036562757.08589 33780.05872442554
14210000.0 115157713443.85603 33744.194082196766
14220000.0 115278723607.65515 33708.40814792464
14230000.0 115399592650.71414 33672.70085281051
14240000.0 115520319980.62796 33637.07212705803
14250000.0 115640905010.31113 33601.521899894055
14260000.0 115761347157.95355 33566.050099589105
14270000.0 115881645846.9768 33530.656653477774
14280000.0 116001800505.99062 33495.341487978614
14290000.0 116121810568.74968 33460.10452861399
14300000.0 116241675474.1111 33424.94570002943
14310000.0 116361394665.99162 33389.86492601282
14320000.0 116480967593.32576 33354.86212951337
14330000.0 116600393710.02388 33319.937232660195
14340000.0 116719672474.93076 33285.09015678072
14350000.0 116838803351.78438 33250.32082241885
14360000.0 116957785809.17522 33215.62914935273
14370000.0 117076619320.50562 33181.01505661248
14380000.0 117195303363.94963 33146.478462497485
14390000.0 117313837422.41325 33112.01928459356
14400000.0 117432220983.49469 33077.637439789774
14410000.0 117550453539.44522 33043.33284429515
14420000.0 117668534587.13022 33009.10541365502
14430000.0 117786463627.99055 32974.95506276721
14440000.0 117904240168.00421 32940.88170589793
14450000.0 118021863717.64833 32906.88525669759
14460000.0 118139333791.86145 32872.965628216145
14470000.0 118256649910.00604 32839.12273291844
14480000.0 118373811595.83151 32805.35648269921
14490000.0 118490818377.43727 32771.666788897914
14500000.0 118607669787.2362 32738.053562313333
14510000.0 118724365361.91846 32704.516713217967
14520000.0 118840904642.41547 32671.056151372213
14530000.0 118957287173.86433 32637.671786038347
14540000.0 119073512505.57239 32604.363525994293
14550000.0 119189580190.9821 32571.131279547204
14560000.0 119305489787.63632 32537.974954546815
14570000.0 119421240857.14365 32504.894458398652
14580000.0 119536832965.14427 32471.88969807698
14590000.0 119652265681.27596 32438.960580137613
14600000.0 119767538579.14024 32406.10701073052
14610000.0 119882651236.26918 32373.328895612234
14620000.0 119997603234.09198 32340.62614015808
14630000.0 120112394157.90228 32307.998649374244
14640000.0 120227023596.8254 32275.446327909613
14650000.0 120341491143.786 32242.969080067505
14660000.0 120455796395.47597 32210.566809817155
14670000.0 120569938952.32263 32178.239420805097
14680000.0 120683918418.45712 32145.986816366298
14690000.0 120797734401.68298 32113.808899535205
14700000.0 120911386513.4452 32081.705573056563
14710000.0 121024874368.79936 32049.67673939611
14720000.0 121138197586.38095 32017.722300751077
14730000.0 121251355788.37524 31985.842159060558
14740000.0 121364348600.48703 31954.03621601571
14750000.0 121477175651.91089 31922.30437306978
14760000.0 121589836575.30157 31890.646531448027
14770000.0 121702331006.74466 31859.062592157432
14780000.0 121814658585.72745 31827.5524559963
14790000.0 121926818955.11008 31796.116023563707
14800000.0 122038811761.09692 31764.753195268793
14810000.0 122150636653.20816 31733.463871339907
14820000.0 122262293284.25163 31702.24795183364
14830000.0 122373781310.29485 31671.105336643668
14840000.0 122485100390.63739 31640.03592550952
14850000.0 122596250187.78336 31609.039618025137
14860000.0 122707230367.41408 31578.116313647366
14870000.0 122818040598.36119 31547.265911704282
14880000.0 122928680552.57973 31516.488311403373
14890000.0 123039149905.12161 31485.783411839635
14900000.0 123149448334.1092 31455.151112003496
14910000.0 123259575520.70923 31424.591310788634
14920000.0 123369531149.10684 31394.10390699969
14930000.0 123479314906.4798 31363.688799359814
14940000.0 123588926482.97308 31333.345886518116
14950000.0 123698365571.67351 31303.075067057027
14960000.0 123807631868.58469 31272.87623949947
